strategic_region={
	id=172
	name="STRATEGICREGION_172"
	provinces={
		4588 4599 4633 4705 4722 4819 4849 4898 4903 4939 4966 5031 5067 5072 5093 5094 5100 5107 5141 5169 5171 5227 5258 5284 5291 5406 5414 5509 5709 5772 5840 5884 5954 5988 6073 6127 6172 6235 6375 6446 6524 6575 6596 6653 6724 6773 6800 6875 6950 6964 7138 7212 7248 7421 7457 7567 7572 7657 7685 7838 7853 7872 7953 7958 7969 7993 8101 8173 8204 8247 8345 8378 8513 8562 9162 9293 9332 9369 9522 9710 9766 10515 10546 10555 10563 10599 10601 10620 10642 10644 10656 10675 10707 10708 10737 10762 
	}
	naval_terrain=ocean
	weather={
	}
}
