strategic_region={
	id=101
	name="STRATEGICREGION_101"
	provinces={
		888 1487 1923 4510 4636 4652 4929 4973 5424 5452 5619 5623 5698 5735 5792 5833 5855 5881 5968 6044 6163 6413 6500 6503 6505 6566 6825 6874 6934 6937 6975 6976 7096 7242 7373 7388 7425 7458 7487 7582 7583 7610 7656 7748 7765 8016 8049 8066 8088 8132 8175 8200 8290 8380 8483 8552 8591 8635 8664 8742 8759 8783 8861 8872 8914 8951 9095 9128 9190 9342 9375 9439 9516 9556 9685 9689 9700 9705 9729 9858 9859 9912 9917 9921 9932 9941 9947 9949 9966 9970 9992 9996 10002 10015 10023 10029 10052 10053 10055 10125 
	}
	naval_terrain=water_shallow_sea
	weather={
	}
}
