strategic_region={
	id=105
	name="STRATEGICREGION_105"
	provinces={
		4594 4674 4788 4918 4930 4964 4996 5003 5018 5076 5265 5297 5341 5416 5423 5435 5625 5675 5803 5865 5877 5949 6087 6254 6403 6853 6923 6979 6999 7162 7286 7323 7729 7730 7917 8009 8052 8139 8361 8376 8470 8612 8624 8804 8837 8863 8969 8990 9038 9055 9067 9081 9191 9222 9290 9406 9504 9597 9626 9665 9867 9893 9935 9948 9959 9969 9972 10001 10010 10012 10036 10045 10048 10064 10065 
	}
	naval_terrain=water_shallow_sea
	weather={
	}
}
