strategic_region={
	id=106
	name="STRATEGICREGION_106"
	provinces={
		4570 4601 4618 4766 4805 4848 4936 4938 4988 5132 5209 5253 5307 5590 5635 5650 5657 5832 5844 5947 6061 6205 6275 6398 6411 6528 6656 6741 6747 6765 6791 6806 6845 6884 6911 6935 7056 7154 7321 7392 7632 7776 7954 8379 8462 8524 8678 8690 8758 8799 8896 8905 8906 8967 9163 9229 9240 9257 9321 9324 9352 9465 9505 9558 9604 9621 9868 9884 9931 9950 9978 9985 9989 10020 10026 10037 10043 10051 10054 10068 10072 10081 10088 10089 
	}
	naval_terrain=water_shallow_sea
	weather={
	}
}
