strategic_region={
	id=112
	name="STRATEGICREGION_112"
	provinces={
		4482 4582 4628 4728 4856 5033 5034 5560 5810 5842 5894 5926 5962 5986 6176 6264 6350 6354 6359 6392 6491 6545 6674 7067 7084 7098 7160 7236 7304 7378 7442 7500 7538 7598 7667 7679 7716 7849 7949 7988 8180 8283 8505 8527 8549 8695 8779 8889 8910 8976 9058 9072 9112 9141 9471 9578 9625 9636 9648 9680 9840 10243 10250 10256 10266 10270 10275 10282 10284 10287 10294 10296 10300 10318 10322 10333 10339 10346 
	}
	naval_terrain=water_shallow_sea
	weather={
	}
}
