strategic_region={
	id=115
	name="STRATEGICREGION_115"
	provinces={
		4549 4657 5180 5226 5299 5550 5661 5828 5940 6022 6047 6054 6064 6182 6209 6321 6624 6733 6942 6944 6957 7006 7032 7110 7145 7284 7310 7346 7533 7715 7967 7996 8305 8312 8320 8432 8568 8587 8633 8685 8813 8855 8919 8922 8935 8985 9036 9243 9316 9382 9398 9464 9514 9533 9549 9568 9734 9755 9806 10643 10670 10680 10683 10689 10690 10700 10702 10705 10711 10716 10717 10747 10751 10774 10778 10779 10796 10812 10824 10860 
	}
	naval_terrain=water_shallow_sea
	weather={
	}
}
