strategic_region={
	id=117
	name="STRATEGICREGION_117"
	provinces={
		4760 4777 4808 4839 4869 4998 5199 5401 5558 5662 5980 6181 6219 6508 6676 7022 7023 7035 7195 7207 7266 7272 7349 7387 7440 7502 7885 8011 8040 8045 8120 8150 8235 8270 8368 8469 8473 8517 8622 8670 8701 9012 9033 9138 9154 9219 9245 9247 9264 9381 9404 9405 9434 9603 9615 9775 10402 10406 10411 10414 10424 10430 10432 10450 10452 10455 10475 10479 10482 10485 10493 10507 10529 10530 10553 10569 
	}
	naval_terrain=water_shallow_sea
	weather={
	}
}
