strategic_region={
	id=118
	name="STRATEGICREGION_118"
	provinces={
		4504 4817 5170 5208 5241 5271 5459 5461 5555 5573 5645 6057 6144 6405 6436 6454 6654 6684 6713 6843 7004 7068 7115 7258 7303 7319 7400 7423 7468 7510 7519 7631 7770 7880 8013 8382 8406 8459 8479 8492 8707 8843 8849 8952 8957 9043 9200 9228 9252 9272 9526 9535 9704 9772 9827 10421 10431 10441 10461 10477 10481 10506 10514 10538 10539 10540 10545 10549 10554 10557 10560 10564 10565 10571 
	}
	naval_terrain=water_shallow_sea
	weather={
	}
}
