strategic_region={
	id=119
	name="STRATEGICREGION_119"
	provinces={
		4481 4540 4583 4613 4659 4671 4676 4677 4697 4700 4759 4807 4837 4902 4923 4946 4971 5102 5110 5240 5270 5279 5281 5334 5426 5454 5495 5526 5537 5543 5556 5588 5899 5928 5975 5977 5979 5989 6014 6021 6074 6091 6102 6282 6305 6309 6431 6485 6504 6629 6634 6695 6714 6720 6847 6902 6986 6987 6989 7059 7077 7118 7126 7140 7163 7204 7273 7382 7426 7432 7508 7554 7593 7599 7662 7891 8041 8105 8267 8303 8377 8381 8547 8601 8626 8646 8722 8814 8827 8962 8995 8996 9024 9049 9125 9159 9277 9302 9457 9470 9474 9494 9675 9829 9852 10368 10388 10448 10472 10489 10490 10499 10520 10548 10585 
	}
	naval_terrain=water_deep_ocean
	weather={
	}
}
