strategic_region={
	id=121
	name="STRATEGICREGION_121"
	provinces={
		4675 4752 4831 5009 5039 5046 5062 5203 5343 5428 5491 5569 5730 5733 5816 5848 5952 6069 6120 6148 6208 6211 6241 6256 6265 6284 6320 6345 6382 6482 6523 6641 6687 6696 6753 6805 6821 7054 7122 7185 7333 7518 7580 7602 7677 7723 7798 7825 7851 7923 8106 8136 8222 8307 8308 8357 8410 8519 8533 8613 8720 8725 8762 8797 8839 8902 8942 8956 9002 9064 9073 9083 9108 9110 9183 9194 9211 9238 9241 9253 9261 9417 9445 9454 9528 9529 9550 9555 9579 9671 9672 9844 10378 10391 10395 10419 10423 10427 10434 10438 10446 10456 10457 10462 10470 10476 10484 10486 10494 10496 10498 10504 10510 10518 10527 10528 10542 
	}
	naval_terrain=water_shallow_sea
	weather={
	}
}
