strategic_region={
	id=122
	name="STRATEGICREGION_122"
	provinces={
		4620 4651 4776 4891 4962 4991 5008 5044 5215 5280 5385 5410 5487 5532 5593 5654 5725 5802 5820 5886 6032 6049 6210 6240 6261 6366 6483 6526 6538 6582 6647 6701 6702 6771 6885 6898 7048 7051 7124 7148 7151 7177 7305 7324 7360 7363 7377 7483 7514 7553 7561 7696 7739 7811 7889 7893 7946 7995 8051 8065 8135 8194 8241 8271 8284 8341 8373 8504 8582 8795 8808 8809 9005 9009 9046 9091 9172 9202 9291 9325 9363 9366 9387 9400 9422 9473 9521 9591 9678 9684 9722 9787 10559 10566 10567 10570 10572 10573 10576 10579 10589 10595 10606 10618 10619 10622 10625 10631 10653 10660 10728 10748 10756 10781 10786 10792 10834 
	}
	naval_terrain=water_shallow_sea
	weather={
	}
}
