strategic_region={
	id=123
	name="STRATEGICREGION_123"
	provinces={
		4577 4678 4802 4912 4920 4968 4975 5026 5057 5071 5150 5184 5228 5244 5249 5317 5335 5438 5477 5498 5566 5597 5609 5668 5760 5804 5854 5875 5913 5914 5933 6036 6059 6084 6107 6266 6310 6327 6410 6432 6535 6611 6644 6694 6877 6940 7070 7074 7081 7093 7131 7193 7214 7249 7262 7269 7312 7352 7406 7420 7497 7520 7534 7585 7625 7639 7694 7695 7856 7876 7985 8046 8141 8152 8166 8242 8251 8434 8443 8617 8785 9065 9118 9153 9204 9237 9259 9283 9376 9408 9600 10191 10207 10214 10258 10276 10277 10288 10290 10310 10317 10320 10323 10330 10340 10342 10377 10392 
	}
	naval_terrain=ocean
	weather={
	}
}
