strategic_region={
	id=125
	name="STRATEGICREGION_125"
	provinces={
		4477 4503 4507 4598 4668 4684 4698 4725 4761 4812 4843 4865 4982 5005 5023 5035 5054 5127 5145 5188 5206 5252 5300 5338 5368 5381 5399 5404 5412 5421 5465 5470 5630 5680 5718 5724 5776 5786 5851 5862 5915 5965 6083 6152 6191 6222 6464 6520 6548 6610 6619 6631 6766 6776 6835 6869 6888 6897 6909 6947 7034 7069 7149 7168 7217 7263 7368 7505 7525 7623 7669 7882 8078 8081 8112 8162 8178 8331 8449 8456 8502 8656 8657 8876 8881 9023 9271 9298 9317 9361 9386 9421 9571 9624 9669 9821 10158 10236 10240 10245 10248 10260 10268 10273 10274 10291 10302 10305 10351 10354 10355 10367 10399 10408 
	}
	naval_terrain=water_deep_ocean
	weather={
	}
}
