strategic_region={
	id=127
	name="STRATEGICREGION_127"
	provinces={
		4490 4580 4664 4798 4833 4846 5095 5129 5133 5142 5594 5628 5674 5697 5716 5739 5891 5924 6002 6194 6258 6343 6352 6363 6441 6516 6530 6568 6591 6663 6671 6727 6746 6758 6759 6775 6842 6879 6893 6927 7053 7112 7228 7270 7311 7361 7371 7467 7693 7711 7719 7742 7747 7799 7808 7920 8034 8039 8067 8117 8248 8255 8261 8286 8317 8428 8447 8534 8538 8571 8579 8604 8625 8693 8721 8796 8862 8890 8899 8918 8934 9017 9039 9092 9299 9336 9341 9481 9484 9534 9543 9583 9593 9622 9628 9639 9723 9764 9790 10710 10732 10766 10768 10769 10780 10795 10798 10806 10814 10820 10828 10840 10849 10867 10870 10880 10882 10887 10891 10894 10898 10900 10913 10918 10926 10944 
	}
	naval_terrain=water_shallow_sea
	weather={
	}
}
