strategic_region={
	id=129
	name="STRATEGICREGION_129"
	provinces={
		4501 4639 4721 4804 4818 4924 4933 5113 5148 5261 5524 5615 5684 5687 5777 5829 5896 6082 6140 6146 6149 6199 6206 6239 6279 6311 6315 6388 6474 6578 6590 6658 6899 6939 6945 7026 7029 7090 7133 7256 7260 7450 7495 7548 7638 7641 7705 7735 7756 7794 7795 7823 7922 7977 8004 8025 8047 8144 8148 8227 8397 8569 8586 8661 8672 8738 8815 8904 8928 8941 9105 9142 9165 9201 9234 9368 9451 9486 9498 9677 9763 9799 9828 9845 10872 10889 10927 10936 10951 10971 10972 10984 11030 11041 11061 
	}
	naval_terrain=ocean
	weather={
	}
}
