strategic_region={
	id=130
	name="STRATEGICREGION_130"
	provinces={
		4500 4603 4667 4749 4806 4820 4821 4852 4855 4859 4893 5052 5115 5328 5340 5602 5721 5750 5784 5796 5909 5932 5942 5997 6153 6365 6397 6615 6722 6826 6858 6914 6965 6983 7109 7194 7197 7395 7484 7536 7559 7586 7904 7926 7992 8001 8003 8103 8155 8195 8258 8278 8327 8429 8522 8528 8557 8589 8642 8706 8709 8842 8915 8947 9044 9084 9123 9150 9182 9289 9334 9347 9419 9495 9531 9605 9606 9637 9656 9839 9841 10962 10965 10966 10967 10979 10980 10983 10992 10996 10999 11000 11002 11005 11015 11022 11028 11034 11037 11048 11058 11059 11060 11082 11087 11090 11093 
	}
	naval_terrain=ocean
	weather={
	}
}
