strategic_region={
	id=134
	name="STRATEGICREGION_134"
	provinces={
		4516 4530 4563 4640 4715 4716 4764 4943 5024 5104 5195 5247 5259 5409 5621 5770 5903 5946 6037 6060 6086 6095 6308 6332 6419 6506 6637 6688 6905 6974 6977 7164 7225 7308 7558 7576 7597 7699 7738 7805 7919 8031 8089 8116 8153 8199 8297 8355 8453 8515 8675 8712 8724 9035 9099 9152 9343 9351 9407 9483 9565 9570 10912 10931 10934 10956 11003 11014 11024 11025 11052 11056 11068 11069 11079 11105 
	}
	naval_terrain=ocean
	weather={
	}
}
