strategic_region={
	id=138
	name="STRATEGICREGION_138"
	provinces={
		4483 4836 4944 4967 5331 5365 5400 5542 5641 5642 5897 5991 6139 6328 6331 6422 6499 6510 6622 6691 6796 6850 6953 7116 7127 7353 7366 7444 7481 7489 7492 7551 7608 7816 7819 7862 7874 7898 7936 8018 8075 8121 8203 8359 8461 8768 8777 8789 9285 9379 9415 9475 9497 9557 9576 9601 9691 9703 9726 9769 9793 10575 10586 10591 10592 10605 10621 10623 10640 10641 10699 10729 10754 
	}
	naval_terrain=water_shallow_sea
	weather={
	}
}
