strategic_region={
	id=139
	name="STRATEGICREGION_139"
	provinces={
		4518 4771 4917 4993 5153 5204 5268 5541 5545 5647 5782 5797 5922 6001 6117 6124 6245 6248 6373 6377 6521 6642 6860 6904 6941 6992 7123 7330 7407 7513 7542 7629 7718 7780 7852 7881 7887 7933 7972 8109 8163 8170 8266 8288 8437 8584 8629 8854 9124 9224 9411 9416 9425 9429 9441 9512 9647 9682 9826 10031 10038 10077 10134 10137 10167 10170 10171 10179 10185 10192 10206 10216 10251 10254 
	}
	naval_terrain=water_shallow_sea
	weather={
	}
}
