strategic_region={
	id=144
	name="STRATEGICREGION_144"
	provinces={
		4473 4491 4548 4872 4932 5007 5194 5210 5436 5567 5626 5669 5746 5756 5841 6013 6056 6070 6221 6299 6389 6563 6680 6689 6955 6956 7049 7200 7265 7294 7376 7386 7449 7622 7673 7772 7773 7785 7855 7890 7908 7952 8221 8339 8454 8621 8728 8740 8761 8782 8802 8893 8913 9062 9314 9560 9651 9683 9813 9814 9833 10945 10950 10978 10989 10991 10998 11007 11010 11012 11019 11020 11023 11035 11038 11040 11044 11072 11081 11086 11096 11104 
	}
	naval_terrain=water_shallow_sea
	weather={
	}
}
