strategic_region={
	id=156
	name="STRATEGICREGION_156"
	provinces={
		4537 4765 4781 4868 5090 5111 5200 5486 5547 5578 5992 6023 6099 6135 6196 6313 6340 6407 6495 6589 6784 6822 6848 7190 7336 7347 7396 7410 7698 7771 7786 7974 7981 8125 8210 8265 8334 8352 8386 8531 8537 8555 8749 8803 8831 8851 8871 8880 8895 8943 8953 9109 9126 9426 9468 9662 9688 9791 9854 9855 9876 9889 9898 9901 9903 9906 9910 9915 9919 9929 9937 9942 9965 9990 9991 9999 10005 10011 
	}
	naval_terrain=water_shallow_sea
	weather={
	}
}
