strategic_region={
	id=157
	name="STRATEGICREGION_157"
	provinces={
		507 553 1432 2589 2946 3229 3233 4564 4774 5041 5205 5330 5388 5497 5504 5678 5823 5983 6301 6334 6600 6779 6793 6993 7340 7461 7628 7659 7663 7697 7709 7714 7989 8071 8090 8185 8218 8302 8314 8347 8353 8371 8564 8660 8682 8763 8820 9066 9075 9085 9106 9111 9115 9197 9394 9573 9581 9674 9934 9940 9946 9973 9980 9995 10027 10039 10049 10063 10067 10069 10094 10095 10117 10127 
	}
	naval_terrain=water_shallow_sea
	weather={
	}
}
