strategic_region={
	id=159
	name="STRATEGICREGION_159"
	provinces={
		4474 4857 4875 4908 4990 5036 5085 5197 5245 5289 5308 5398 5402 5492 5622 5793 5938 6005 6065 6071 6080 6116 6192 6283 6337 6360 6502 6652 6794 7082 7129 7169 7547 7749 7751 7782 7935 7983 8024 8274 8362 8364 8829 8850 8857 8888 9096 9103 9147 9161 9270 9328 9546 9594 9629 9756 9771 10249 10253 10269 10272 10278 10281 10286 10293 10295 10308 10311 10312 10313 10319 10326 10343 
	}
	naval_terrain=water_shallow_sea
	weather={
	}
}
