strategic_region={
	id=160
	name="STRATEGICREGION_160"
	provinces={
		4508 4525 4608 4627 4654 4696 4773 4851 4985 5040 5080 5134 5177 5238 5248 5377 5403 5411 5489 5528 5549 5553 5575 5591 5601 5633 5694 5740 5780 5794 5860 5981 5998 6062 6167 6197 6236 6342 6369 6552 6672 6739 6744 6786 6799 6841 6873 6892 6985 7011 7088 7092 7119 7139 7184 7208 7218 7229 7250 7299 7412 7475 7523 7540 7560 7565 7617 7648 7713 7722 7867 7903 7966 8032 8036 8107 8113 8164 8243 8340 8360 8401 8431 8439 8457 8506 8548 8578 8628 8631 8735 8750 8756 8821 8878 8884 8948 8954 9071 9101 9120 9346 9390 9409 9412 9503 9709 9800 9819 9832 10832 10836 10863 10871 10873 10875 10895 10899 10916 10919 10923 10948 10953 10954 11018 11029 11092 11098 11100 
	}
	naval_terrain=ocean
	weather={
	}
}
