strategic_region={
	id=161
	name="STRATEGICREGION_161"
	provinces={
		4512 4546 4644 4709 4814 4815 4858 4888 4909 4921 4940 4945 5050 5070 5082 5114 5136 5193 5230 5231 5235 5236 5262 5264 5304 5352 5361 5386 5432 5479 5530 5538 5649 5660 5679 5723 5738 5744 5763 5768 5790 5861 6129 6138 6141 6188 6204 6243 6274 6489 6539 6556 6586 6609 6620 6636 6813 6954 7012 7108 7216 7226 7292 7397 7516 7607 7658 7744 7875 7912 7941 8206 8223 8498 8509 8550 8696 8864 8894 9173 9175 9177 9306 9450 9466 9598 9619 9692 9741 9804 9853 9881 9882 9888 9952 9964 9971 10034 10058 10084 10100 10110 10133 
	}
	naval_terrain=water_deep_ocean
	weather={
	}
}
