strategic_region={
	id=166
	name="STRATEGICREGION_166"
	provinces={
		4485 4497 4515 4533 4590 4643 4660 4681 4751 4842 4978 4986 4994 5001 5097 5135 5286 5321 5336 5369 5434 5448 5466 5505 5531 5574 5605 5677 5695 5700 5720 5762 5805 5824 5825 5857 5887 5888 5898 5921 5971 5985 6096 6270 6335 6393 6455 6571 6576 6584 6585 6598 6736 6788 6819 6838 6900 6901 6922 6929 7041 7075 7246 7295 7391 7409 7416 7431 7462 7465 7476 7482 7611 7612 7661 7712 7721 7846 8015 8172 8300 8309 8324 8388 8433 8445 8570 8595 8620 8648 8702 8822 8887 8929 9094 9196 9353 9553 9640 9746 9768 10165 10202 10209 10210 10220 10234 10265 10267 10301 10306 10314 10331 10348 10352 10353 10373 10374 
	}
	naval_terrain=water_deep_ocean
	weather={
	}
}
