strategic_region={
	id=168
	name="STRATEGICREGION_168"
	provinces={
		4475 4487 4524 4532 4534 4538 4552 4623 4699 4714 4740 4745 4753 4796 4832 4961 4977 4980 5037 5112 5137 5143 5164 5220 5277 5278 5282 5292 5337 5393 5394 5395 5472 5529 5557 5611 5648 5664 5755 5831 5839 5920 5939 5941 5973 5982 6051 6067 6109 6142 6151 6175 6193 6247 6326 6357 6394 6462 6480 6531 6555 6602 6638 6664 6742 6844 6872 6913 6969 7061 7136 7146 7166 7181 7320 7364 7439 7499 7604 7651 7710 7760 7762 7766 7779 7859 7980 7997 8091 8108 8292 8322 8399 8412 8440 8542 8545 8565 8647 8698 8853 8858 8973 9181 9230 9488 9613 9696 10362 10420 10439 10445 10471 10478 10502 10505 10534 10541 10543 10568 10629 
	}
	naval_terrain=water_deep_ocean
	weather={
	}
}
