strategic_region={
	id=169
	name="STRATEGICREGION_169"
	provinces={
		4517 4527 4569 4571 4591 4604 4611 4662 4666 4679 4680 4692 4746 4748 4750 4763 4786 4810 4844 4860 4870 4889 4900 4934 5020 5038 5063 5069 5098 5131 5160 5174 5183 5229 5243 5290 5318 5347 5353 5390 5407 5475 5478 5488 5496 5571 5608 5613 5729 5734 5788 5827 5889 5893 5902 5908 5974 5987 6052 6076 6100 6103 6113 6119 6131 6143 6170 6225 6231 6353 6467 6670 6673 6735 6748 6752 6757 6778 6790 6830 6948 6994 7060 7100 7130 7215 7235 7280 7298 7327 7334 7385 7403 7429 7478 7556 7614 7683 7731 7768 7803 7858 7878 7905 7924 7945 7962 8372 8396 8481 8553 8655 8686 8755 8788 8833 8931 8938 9032 9052 9260 9331 9335 9492 9502 9663 9694 9708 9807 9809 9818 10609 10649 10666 10671 10704 10804 10901 10905 10911 10963 10994 11016 11067 
	}
	naval_terrain=water_deep_ocean
	weather={
	}
}
