strategic_region={
	id=170
	name="STRATEGICREGION_170"
	provinces={
		4494 4506 4519 4557 4622 4646 4648 4731 4850 4876 4890 4892 5014 5056 5101 5120 5139 5151 5159 5163 5309 5429 5444 5512 5562 5570 5584 5596 5599 5634 5666 5707 5807 5836 5843 5934 5944 5961 5969 6015 6027 6028 6031 6046 6110 6137 6228 6250 6263 6325 6374 6386 6439 6466 6473 6518 6525 6587 6665 6675 6704 6734 6760 6761 6886 6997 7002 7007 7025 7040 7064 7105 7125 7152 7178 7271 7335 7469 7521 7527 7549 7590 7613 7682 7815 7886 7911 7943 8007 8073 8225 8246 8306 8358 8363 8365 8370 8551 8567 8752 8847 8877 8898 8917 9011 9168 9170 9208 9266 9292 9303 9356 9359 9377 9633 9644 9650 9744 9749 9753 10722 10752 10773 10776 10835 10844 10846 10850 10890 10947 10960 11009 11011 11049 11071 11074 11080 
	}
	naval_terrain=ocean
	weather={
	}
}
