strategic_region={
	id=173
	name="STRATEGICREGION_173"
	provinces={
		4606 4607 4712 4772 4829 4935 4953 5016 5021 5116 5186 5198 5216 5224 5303 5366 5427 5482 5521 5585 5589 5632 5655 5821 5850 5882 5885 5892 6006 6112 6118 6177 6184 6237 6302 6372 6404 6437 6445 6607 6703 6708 6881 7009 7121 7173 7220 7264 7524 7870 7948 7950 7955 8169 8212 8213 8299 8338 8441 8632 8645 8726 9020 9265 9296 9511 9715 10104 10145 10157 10164 10169 10189 10197 10211 10218 10226 10244 10263 10279 10307 
	}
	naval_terrain=ocean
	weather={
	}
}
