strategic_region={
	id=3
	name="STRATEGICREGION_3"
	provinces={
		4655 4683 4878 4901 4956 4960 5077 5329 5430 5636 5710 5726 5764 5811 5815 5853 5872 6024 6029 6133 6155 6160 6212 6216 6390 6426 6435 6442 6594 6613 6677 6903 7019 7033 7134 7251 7275 7329 7541 7544 7621 7678 7845 7897 8069 8074 8383 8480 8812 8816 8844 9000 9022 9050 9267 9275 9295 9300 9311 9401 9431 9740 9792 9863 9864 9865 9866 9885 9887 9913 9918 9925 9933 9943 9945 9953 9962 9984 10035 10086 
	}
	naval_terrain=ocean
	weather={
	}
}
