strategic_region={
	id=30
	name="STRATEGICREGION_30"
	provinces={
		4521 4624 4637 4686 4717 4767 4797 4803 4862 4896 4910 4948 5088 5117 5119 5192 5260 5305 5327 5332 5344 5417 5446 5457 5474 5508 5515 5692 5717 5727 5758 5813 5866 5873 5923 5976 6007 6106 6128 6179 6190 6198 6226 6271 6285 6395 6409 6412 6453 6460 6476 6550 6646 6662 6685 6756 6767 6783 6883 6895 6959 7008 7037 7058 7091 7101 7253 7277 7419 7428 7463 7496 7569 7666 7676 7754 7755 7824 7939 8002 8142 8177 8291 8385 8400 8402 8490 8521 8558 8650 8667 9060 9139 9184 9378 9590 9701 9711 9747 9751 10442 10464 10465 10492 10521 10522 10523 10526 10532 10552 10558 10581 10582 10613 10712 10721 
	}
	naval_terrain=water_deep_ocean
	weather={
	}
}
