strategic_region={
	id=31
	name="STRATEGICREGION_31"
	provinces={
		4480 4486 4509 4579 4630 4638 4782 4783 4838 4871 4959 4965 4969 4983 5030 5068 5079 5081 5087 5096 5149 5233 5239 5272 5319 5322 5323 5363 5439 5450 5476 5502 5544 5576 5618 5620 5671 5683 5728 5748 5801 5846 5849 5856 5901 6105 6150 6233 6277 6319 6384 6423 6434 6444 6457 6497 6532 6616 6649 6764 6802 6836 6865 6908 6912 6951 6960 6996 7001 7031 7063 7279 7381 7436 7438 7446 7530 7562 7587 7686 7701 7758 7863 7865 7868 7895 7968 7976 8020 8104 8201 8316 8374 8408 8482 8641 8710 8739 8824 9003 9006 9074 9169 9203 9427 9459 9657 9681 9802 9811 10724 10736 10802 10822 10902 10904 10921 10928 10929 10932 10988 10993 11046 11057 11076 11097 11099 
	}
	naval_terrain=ocean
	weather={
	}
}
