strategic_region={
	id=32
	name="STRATEGICREGION_32"
	provinces={
		4479 4499 4555 4663 4689 4723 4769 4926 4976 5028 5045 5049 5064 5078 5105 5106 5121 5123 5242 5285 5302 5325 5357 5371 5413 5516 5604 5612 5799 5870 5905 5957 6050 6122 6156 6185 6201 6362 6387 6448 6498 6692 6745 6751 6768 6801 6856 6857 6963 7005 7326 7355 7399 7466 7566 7644 7777 7787 7790 7831 8057 8268 8354 8411 8471 8540 8757 9088 9098 9143 9188 9212 9258 9329 9423 9453 9506 9666 9795 10230 10241 10261 10271 10285 10336 10359 10379 10400 10404 10409 10410 10412 
	}
	naval_terrain=water_deep_ocean
	weather={
	}
}
