strategic_region={
	id=33
	name="STRATEGICREGION_33"
	provinces={
		4492 4513 4547 4554 4559 4612 4647 4710 4793 4824 4861 4886 4916 4974 5147 5158 5225 5301 5372 5373 5418 5484 5494 5499 5539 5572 5580 5672 5693 5749 5919 5959 6003 6004 6043 6097 6280 6316 6344 6379 6380 6399 6418 6440 6492 6507 6574 6579 6635 6740 6763 6818 6871 6907 6932 6961 7050 7094 7132 7143 7155 7297 7322 7348 7408 7415 7441 7451 7460 7501 7615 7654 7994 8010 8124 8208 8236 8315 8404 8420 8489 8590 8665 8714 8727 8736 8791 8874 8875 8900 8927 9117 9255 9312 9354 9413 9436 9467 9538 9630 9631 9690 9745 9767 9842 10610 10726 10746 10775 10793 10825 10876 10939 10987 10990 11017 11070 11106 
	}
	naval_terrain=water_deep_ocean
	weather={
	}
}
