strategic_region={
	id=4
	name="STRATEGICREGION_4"
	provinces={
		4476 4502 4514 4551 4617 4634 4724 4726 4785 4787 4791 4941 5029 5165 5167 5237 5251 5256 5263 5316 5355 5415 5431 5440 5606 5688 5701 5754 5783 5800 5845 6010 6040 6068 6218 6227 6262 6391 6402 6479 6554 6588 6697 6721 6731 6777 6868 6920 6968 6978 7036 7104 7240 7401 7473 7490 7509 7564 7578 7688 7704 7801 7843 7970 8005 8026 8119 8140 8205 8224 8311 8366 8446 8760 8811 8882 8980 9034 9176 9231 9561 9564 9714 9738 9874 9936 9968 10022 10075 10115 10149 10166 10188 10194 
	}
	naval_terrain=water_deep_ocean
	weather={
	}
}
