strategic_region={
	id=5
	name="STRATEGICREGION_5"
	provinces={
		4498 4556 4560 4561 4593 4691 4703 4704 4738 4739 4747 4811 4816 4823 4825 4867 4905 4927 4970 4972 5108 5118 5214 5274 5287 5356 5364 5383 5389 5480 5506 5552 5577 5592 5603 5617 5643 5652 5658 5708 5722 5747 5798 5818 5878 5907 5955 5967 6111 6157 6162 6200 6213 6252 6267 6268 6286 6289 6306 6358 6368 6447 6452 6519 6534 6659 6797 6928 6995 7015 7046 7089 7153 7170 7234 7268 7301 7550 7557 7626 7763 7812 7928 8035 8050 8097 8134 8137 8158 8250 8254 8415 8458 8494 8566 8594 8603 8713 8751 8774 8988 9010 9193 9213 9249 9268 9435 9517 9541 9661 9730 10815 10843 10862 10883 10914 10957 10975 10976 11006 11032 11053 11066 11077 11083 11084 11089 11102 
	}
	naval_terrain=water_deep_ocean
	weather={
	}
}
