strategic_region={
	id=99
	name="STRATEGICREGION_99"
	provinces={
		35 40 52 181 229 652 783 934 1030 1115 1203 1239 1431 1511 1709 1772 1916 1928 2152 2356 2967 3156 3224 3228 3230 3241 4895 4999 5437 5579 5880 5936 6220 6324 6346 6536 6565 6630 6683 6705 6709 6921 7055 7147 7189 7315 7618 7635 7789 7869 7927 8027 8084 8127 8176 8179 8207 8390 8581 8593 8743 8770 8771 8911 8921 8989 9077 9149 9185 9210 9338 9458 9463 9554 9632 9856 9857 9875 9878 9891 9892 9904 9907 9911 9920 9924 9944 9961 9974 9983 10000 10007 10056 10079 10082 
	}
	naval_terrain=water_fjords
	weather={
	}
}
